[[0, 20.75390625, 15.953125], [1, 21.482421875, 15.8984375], [2, 20.26416015625, 14.334228515625], [3, 20.320556640625, 16.14697265625], [4, 19.76123046875, 15.2705078125], [5, 20.772705078125, 17.99658203125], [6, 19.25390625, 16.453125], [7, 21.25390625, 16.953125], [8, 20.262939453125, 17.208740234375]]
[[0, 18.5078125, 15.90625], [1, 18.952392578125, 15.546142578125], [2, 17.353271484375, 14.1181640625], [3, 17.934326171875, 16.15966796875], [4, 17.513427734375, 15.16943359375], [5, 18.541015625, 17.98486328125], [6, 17.005859375, 16.562255859375], [7, 19.0078125, 16.90625], [8, 18.01708984375, 17.2060546875]]
[[0, 18.5078125, 15.90625], [1, 18.14697265625, 17.166015625], [2, 16.98291015625, 14.11181640625], [3, 17.17431640625, 16.336181640625], [4, 15.39794921875, 15.84228515625], [5, 16.3681640625, 18.1796875], [6, 14.794921875, 16.8916015625], [7, 16.88818359375, 17.398681640625], [8, 15.795166015625, 17.436767578125]]
[[0, 16.72607421875, 16.306396484375], [1, 16.39111328125, 17.130615234375], [2, 15.970703125, 14.559326171875], [3, 15.2802734375, 16.18603515625], [4, 13.610595703125, 15.505126953125], [5, 14.44287109375, 17.36572265625], [6, 13.265625, 16.377197265625], [7, 15.526123046875, 17.748779296875], [8, 14.248779296875, 16.445068359375]]
[[0, 16.72607421875, 16.306396484375], [1, 16.41845703125, 17.348876953125], [2, 15.634765625, 14.71142578125], [3, 15.2802734375, 16.18603515625], [4, 12.96044921875, 16.47509765625], [5, 12.498779296875, 17.3466796875], [6, 11.403564453125, 17.34814453125], [7, 15.532958984375, 18.021240234375], [8, 13.5849609375, 14.427734375]]
[[0, 15.066162109375, 16.60302734375], [1, 16.41845703125, 17.348876953125], [2, 15.634765625, 14.71142578125], [3, 15.2802734375, 16.18603515625], [4, 12.916259765625, 17.692626953125], [5, 10.27392578125, 17.664306640625], [6, 9.186767578125, 17.71630859375], [7, 15.4453125, 18.09228515625], [8, 12.2216796875, 14.175537109375]]
[[0, 14.3740234375, 16.723876953125], [1, 16.41845703125, 17.348876953125], [2, 15.634765625, 14.71142578125], [3, 15.2802734375, 16.18603515625], [4, 10.674072265625, 17.85791015625], [5, 8.042236328125, 17.931396484375], [6, 6.961181640625, 18.02880859375], [7, 15.4453125, 18.09228515625], [8, 12.6298828125, 16.01220703125]]
[[0, 13.262451171875, 16.89013671875], [1, 16.41845703125, 17.348876953125], [2, 15.634765625, 14.71142578125], [3, 15.2802734375, 16.18603515625], [4, 8.430419921875, 17.99365234375], [5, 6.398193359375, 17.3154296875], [6, 5.841552734375, 18.125244140625], [7, 15.4453125, 18.09228515625], [8, 11.29931640625, 17.37646484375]]
[[0, 12.1484375, 17.0390625], [1, 16.41845703125, 17.348876953125], [2, 15.634765625, 14.71142578125], [3, 15.2802734375, 16.18603515625], [4, 6.1875, 18.02099609375], [5, 4.478515625, 17.527587890625], [6, 3.9296875, 18.366455078125], [7, 15.4453125, 18.09228515625], [8, 9.062744140625, 17.6064453125]]
[[0, 12.1484375, 17.0390625], [1, 16.41845703125, 17.348876953125], [2, 15.634765625, 14.71142578125], [4, 4.0986328125, 17.4384765625], [5, 3.031982421875, 17.931884765625], [6, 3.8173828125, 18.459228515625], [7, 15.4453125, 18.09228515625], [8, 6.869873046875, 18.07275390625]]
[[0, 12.1484375, 17.0390625], [1, 16.41845703125, 17.348876953125], [2, 15.634765625, 14.71142578125], [4, 3.1689453125, 18.18505859375], [5, 2.6162109375, 19.00830078125], [7, 15.4453125, 18.09228515625], [8, 4.865966796875, 19.07373046875]]
[[0, 12.1484375, 17.0390625], [1, 16.41845703125, 17.348876953125], [2, 15.634765625, 14.71142578125], [4, 3.352783203125, 19.649169921875], [5, 2.474609375, 19.979736328125], [7, 14.701416015625, 17.899169921875], [8, 3.599853515625, 20.558837890625]]
[[0, 12.1484375, 17.0390625], [1, 16.41845703125, 17.348876953125], [2, 15.634765625, 14.71142578125], [4, 3.307373046875, 20.524658203125], [5, 2.421875, 21.35302734375], [7, 14.274658203125, 17.533935546875], [8, 3.38525390625, 21.478515625]]
[[0, 12.1484375, 17.0390625], [1, 16.41845703125, 17.348876953125], [2, 15.634765625, 14.71142578125], [4, 4.253173828125, 21.920654296875], [5, 2.458984375, 22.335693359375], [7, 14.464111328125, 16.595703125], [8, 3.369384765625, 22.107666015625]]
[[0, 12.1484375, 17.0390625], [1, 16.41845703125, 17.348876953125], [4, 3.8857421875, 23.847900390625], [5, 2.3125, 22.910888671875], [7, 14.464111328125, 16.595703125], [8, 3.209716796875, 23.165771484375]]
[[0, 12.1484375, 17.0390625], [1, 16.41845703125, 17.348876953125], [4, 3.8857421875, 23.847900390625], [5, 2.3125, 23.017333984375], [7, 14.464111328125, 16.595703125], [8, 3.234130859375, 23.170654296875]]
[[0, 12.1484375, 17.0390625], [1, 16.41845703125, 17.348876953125], [4, 3.88671875, 23.84912109375], [5, 2.3125, 23.01708984375], [7, 14.464111328125, 16.595703125], [8, 3.237548828125, 23.171630859375]]
[[0, 12.1484375, 17.0390625], [1, 16.41845703125, 17.348876953125], [4, 3.88671875, 23.84912109375], [5, 2.3125, 23.01708984375], [7, 14.464111328125, 16.595703125], [8, 3.237548828125, 23.171630859375]]
[[0, 12.1484375, 17.0390625], [1, 16.41845703125, 17.348876953125], [4, 3.88671875, 23.84912109375], [7, 14.464111328125, 16.595703125]]
[[0, 12.1484375, 17.0390625], [1, 16.41845703125, 17.348876953125], [4, 3.88671875, 23.84912109375]]
[[0, 12.1484375, 17.0390625], [1, 16.41845703125, 17.348876953125], [4, 3.88671875, 23.84912109375]]
[[1, 16.41845703125, 17.348876953125], [4, 4.0107421875, 23.59716796875]]
[[4, 5.0029296875, 21.58154296875]]
[[4, 6.122314453125, 19.662109375]]
[[4, 7.229248046875, 18.58349609375]]
[[4, 7.229248046875, 18.58349609375]]
